A.c0,A.c1,A.c2,A.c3,A.c4,A.c5,A.c6,A.c7,A.c8,A.c9,B.c0,B.c1,B.c2,B.c3,B.c4
8929 7953 4792 4423 -1524 7640 -7121 -2846 4833 -9065 7953 -3717 1068 9999 4461
5996 9372 2173 4423 4210 8894 -6315 7656 7171 -6660 9372 -6254 3651 -8312 3133
7420 5516 8190 840 -1211 4858 -2555 -6500 4117 3375 5516 4408 5728 8029 -9908
4008 9372 4792 4141 5300 6670 6608 -6760 -9049 3650 9372 -6254 3651 -8312 3133
5010 2650 3911 501 8724 7499 -9470 353 3440 -3661 2650 2043 7910 6754 9408
8327 5434 2173 4141 7683 5842 2769 9535 5675 -1627 5434 1065 -5578 4684 -3366
-9814 9279 7398 4423 -9205 6472 7718 4421 5419 2942 9279 4305 -7912 9926 9206
7789 9372 4880 6530 -6451 -7127 -839 1694 2843 3345 9372 -6254 3651 -8312 3133
-2482 2387 3911 5209 7166 5078 4539 -8203 770 4069 2387 -1920 -8622 -8321 2487
-8255 9330 7601 501 -723 2867 6872 -8871 -4047 8808 9330 -36 -2608 8411 -7051
-3155 9372 7398 4423 -2442 238 -6190 -5342 -3176 2696 9372 -6254 3651 -8312 3133
-2719 9279 7601 4423 8594 9164 5533 -2509 -7863 -1877 9279 4305 -7912 9926 9206
5079 5516 4792 501 1693 -2428 -8163 -6861 -5764 8917 5516 4408 5728 8029 -9908
6389 9372 3911 4141 9059 5644 -3021 -6529 6251 -6755 9372 -6254 3651 -8312 3133
-8201 5434 8190 4141 -2055 -4327 -5120 7224 -6937 -5031 5434 1065 -5578 4684 -3366
-532 9372 3911 501 -2995 -3730 -7484 -644 5267 6453 9372 -6254 3651 -8312 3133
-5694 5434 7398 840 -3465 -8732 8754 -6336 -8463 -9734 5434 1065 -5578 4684 -3366
7854 5516 5928 7931 2875 -6793 1019 -7997 -670 -2724 5516 4408 5728 8029 -9908
4422 2650 4792 6530 -1774 1110 -9065 -6344 -1881 -1302 2650 2043 7910 6754 9408
2480 2650 5928 8796 2809 3228 3485 -4610 -8489 -9641 2650 2043 7910 6754 9408
-9742 5516 8190 7931 2462 -2275 -4853 3485 369 6502 5516 4408 5728 8029 -9908
760 2387 8190 4141 1894 -4218 -1520 -9696 2080 125 2387 -1920 -8622 -8321 2487
-1334 2344 8190 7931 6979 4343 348 147 7619 -3394 2344 -5270 -1755 904 7621
-4090 9330 7601 840 -2906 -6552 9416 -910 -9922 -9544 9330 -36 -2608 8411 -7051
112 2387 3911 6530 -2269 -4174 6361 -2859 -7997 -6396 2387 -1920 -8622 -8321 2487
-8797 1514 3911 7931 -2279 989 -5344 149 935 -3673 1514 6324 9485 -9095 -7550
-2528 5516 3911 4141 8276 -7942 -9119 91 -3103 1129 5516 4408 5728 8029 -9908
-2880 5516 7398 501 -501 -9000 -6891 2509 3773 5995 5516 4408 5728 8029 -9908
9242 9330 8190 4141 7682 6656 2526 -1225 9382 -2149 9330 -36 -2608 8411 -7051
-2705 9279 5928 9271 1918 -3735 2471 -5888 2695 -2368 9279 4305 -7912 9926 9206
-7026 9279 7398 6530 2264 -3684 3768 1265 2027 -9767 9279 4305 -7912 9926 9206
2975 7953 2173 4141 2216 -1809 -7640 5204 -4980 -1037 7953 -3717 1068 9999 4461
-8978 9330 5928 4227 -7080 7128 7819 -9566 -3034 -4194 9330 -36 -2608 8411 -7051
-5606 7953 7601 4423 -803 -2083 -3222 -1490 6884 9107 7953 -3717 1068 9999 4461
7794 7953 2173 9271 4607 -7019 -7672 5105 5703 7357 7953 -3717 1068 9999 4461
238 5516 5928 7931 -8217 494 5571 -3088 -4471 -776 5516 4408 5728 8029 -9908
2946 2650 5928 840 9081 5266 8226 -618 -9570 -5676 2650 2043 7910 6754 9408
-7751 9372 8190 6530 1327 3943 9437 -6011 -9670 -4524 9372 -6254 3651 -8312 3133
7411 7953 2173 4141 -403 -7059 -3034 2836 8541 -474 7953 -3717 1068 9999 4461
4851 5516 7398 7931 -5050 -643 -6981 3245 -5330 9132 5516 4408 5728 8029 -9908
-3853 5516 2451 7931 -7255 -367 -3588 8320 -1323 1548 5516 4408 5728 8029 -9908
5167 5434 2451 4141 -2180 -9029 7204 -7323 8184 -8884 5434 1065 -5578 4684 -3366
6807 1514 4792 5209 -755 -1277 4678 -5501 -6089 7399 1514 6324 9485 -9095 -7550
-9602 1514 7601 840 -9868 -2798 1778 5741 -3035 -7876 1514 6324 9485 -9095 -7550
-2517 5516 2451 9271 9548 6602 -5919 1070 -546 6900 5516 4408 5728 8029 -9908
-1823 2344 2451 8796 9356 423 -8384 1181 2562 3615 2344 -5270 -1755 904 7621
-8498 5516 2451 4141 5304 2838 3380 8347 6181 5370 5516 4408 5728 8029 -9908
8950 2650 7398 5209 5722 2246 -7990 -8796 -268 -3628 2650 2043 7910 6754 9408
-5125 1514 2156 9271 -253 9852 7622 1911 2976 -3636 1514 6324 9485 -9095 -7550
-8762 9330 5928 9271 -4157 -5534 -4221 9980 -1014 -5632 9330 -36 -2608 8411 -7051
-9066 2650 8190 4227 483 -6017 4613 838 2410 7423 2650 2043 7910 6754 9408
-9796 7953 7601 8796 3206 -1448 -983 -6852 2684 -9240 7953 -3717 1068 9999 4461
-2761 5516 4880 8796 7533 1345 7168 8637 -8861 4171 5516 4408 5728 8029 -9908
7077 1514 5928 5209 3543 -7194 9875 -3531 -3047 3746 1514 6324 9485 -9095 -7550
6164 9279 4880 4227 5101 -6763 -7883 6487 -349 -4238 9279 4305 -7912 9926 9206
6219 5516 2451 501 -6700 -1696 1888 4392 7268 515 5516 4408 5728 8029 -9908
-2808 2344 5928 4141 -383 -9535 9253 839 217 1664 2344 -5270 -1755 904 7621
-7839 5434 2173 501 -6499 7660 3907 -8818 -3097 -7752 5434 1065 -5578 4684 -3366
-6137 5516 7398 4141 6474 -785 2447 -7359 -6201 -1562 5516 4408 5728 8029 -9908
-2439 2387 7601 501 -9147 -6663 -2611 168 -4984 6846 2387 -1920 -8622 -8321 2487
-6958 2387 2451 5209 -6344 8839 -8531 -7986 -5022 4880 2387 -1920 -8622 -8321 2487
1171 5516 3911 501 -2518 1564 -8058 7401 -5437 -8123 5516 4408 5728 8029 -9908
-8802 2344 3911 840 4161 -5896 -3857 6625 2135 280 2344 -5270 -1755 904 7621
7458 2344 7398 4227 -669 -2637 5786 8291 -1033 5228 2344 -5270 -1755 904 7621
4812 1514 8190 4423 -8862 892 -6312 -4009 -2083 -1631 1514 6324 9485 -9095 -7550
8912 2650 2156 9271 3263 -118 8618 -6686 -9209 1541 2650 2043 7910 6754 9408
2367 1514 7601 4227 2465 -8728 9525 960 1005 -6448 1514 6324 9485 -9095 -7550
-1309 2387 2156 7931 -9831 2394 -9944 -6036 -9515 -769 2387 -1920 -8622 -8321 2487
-5161 1514 7601 9271 7324 -9857 6130 -3892 -1197 -5424 1514 6324 9485 -9095 -7550
-3972 5516 4880 5209 -1714 5896 1252 9337 5604 -3074 5516 4408 5728 8029 -9908
-324 7953 5928 9271 7466 -4930 3586 3085 8799 1193 7953 -3717 1068 9999 4461
5040 5516 7398 9271 7575 -1496 809 392 7708 6553 5516 4408 5728 8029 -9908
-5993 1514 8190 4423 187 922 7337 4732 -9842 4443 1514 6324 9485 -9095 -7550
-4945 1514 2156 501 -4761 -6387 -8468 7251 5201 -7060 1514 6324 9485 -9095 -7550
-2497 2650 2451 840 -696 -9747 -6195 -6194 3722 -6366 2650 2043 7910 6754 9408
940 5516 2173 9271 -9767 8827 -3708 8395 -5446 -2886 5516 4408 5728 8029 -9908
-2217 2344 3911 4423 -9792 -5917 -9707 -7208 -4616 9485 2344 -5270 -1755 904 7621
-5449 1514 2173 840 -6043 -4791 -9814 3341 -7410 5787 1514 6324 9485 -9095 -7550
9264 7953 4880 4141 273 7915 -865 -9965 237 7207 7953 -3717 1068 9999 4461
9975 9330 4880 840 578 8630 -7922 8074 -5525 1919 9330 -36 -2608 8411 -7051
-7689 7953 2156 6530 8237 9940 -2958 -7583 -2414 9209 7953 -3717 1068 9999 4461
-7217 1514 3911 501 5041 7547 -2141 -1140 -8682 6142 1514 6324 9485 -9095 -7550
-5604 2387 3911 8796 9202 -210 7555 6319 -6283 -6745 2387 -1920 -8622 -8321 2487
-5717 5516 4880 5209 -3310 3527 -5905 -7203 -9336 -4491 5516 4408 5728 8029 -9908
-1073 2650 2173 4423 1331 9914 -8148 -1027 -3236 -5519 2650 2043 7910 6754 9408
1836 9372 2173 4423 2708 7563 6652 -7098 -6312 4347 9372 -6254 3651 -8312 3133
8912 9330 4880 840 -7741 5452 -1277 -1784 -1296 4535 9330 -36 -2608 8411 -7051
6777 2650 7601 5209 -5563 1530 -1633 -921 -884 -8523 2650 2043 7910 6754 9408
-8344 1514 2451 5209 -1609 3116 4982 -3690 -4742 -9212 1514 6324 9485 -9095 -7550
1266 7953 3911 4227 -1289 1377 1709 9478 6160 -6771 7953 -3717 1068 9999 4461
-3909 7953 2173 5209 3150 3756 -5591 -479 -8227 539 7953 -3717 1068 9999 4461
-4266 2650 2173 4141 -683 2816 -5151 -3771 4577 -6417 2650 2043 7910 6754 9408
-5988 9330 2451 6530 4185 4762 9300 -8813 -3872 -7452 9330 -36 -2608 8411 -7051
7951 5516 4880 4227 -2548 -7749 -3201 -5991 7186 6023 5516 4408 5728 8029 -9908
-8977 2344 4792 5209 -2835 -8247 -8161 -8509 -8680 -3516 2344 -5270 -1755 904 7621
-557 1514 3911 4423 411 9257 2015 682 5733 -879 1514 6324 9485 -9095 -7550
-6543 1514 7398 4423 -2648 2924 -975 -6878 3877 -654 1514 6324 9485 -9095 -7550
-4482 1514 4880 6530 2640 -1572 -2954 9642 -4348 3996 1514 6324 9485 -9095 -7550
8325 5516 5928 4227 -4778 7889 -9734 -3508 -2864 8557 5516 4408 5728 8029 -9908
-7108 1514 2156 4423 -5910 4778 2689 1640 8109 -9402 1514 6324 9485 -9095 -7550
