D.c0,D.c1,D.c2,D.c3,D.c4,A.c0,A.c1,A.c2,A.c3,A.c4,A.c5,A.c6,A.c7,A.c8,A.c9
4423 6751 2247 -9496 3809 8929 7953 4792 4423 -1524 7640 -7121 -2846 4833 -9065
4423 6751 2247 -9496 3809 5996 9372 2173 4423 4210 8894 -6315 7656 7171 -6660
4423 6751 2247 -9496 3809 -9814 9279 7398 4423 -9205 6472 7718 4421 5419 2942
4423 6751 2247 -9496 3809 -3155 9372 7398 4423 -2442 238 -6190 -5342 -3176 2696
4423 6751 2247 -9496 3809 -2719 9279 7601 4423 8594 9164 5533 -2509 -7863 -1877
4423 6751 2247 -9496 3809 -5606 7953 7601 4423 -803 -2083 -3222 -1490 6884 9107
4423 6751 2247 -9496 3809 4812 1514 8190 4423 -8862 892 -6312 -4009 -2083 -1631
4423 6751 2247 -9496 3809 -5993 1514 8190 4423 187 922 7337 4732 -9842 4443
4423 6751 2247 -9496 3809 -2217 2344 3911 4423 -9792 -5917 -9707 -7208 -4616 9485
4423 6751 2247 -9496 3809 -1073 2650 2173 4423 1331 9914 -8148 -1027 -3236 -5519
4423 6751 2247 -9496 3809 1836 9372 2173 4423 2708 7563 6652 -7098 -6312 4347
4423 6751 2247 -9496 3809 -557 1514 3911 4423 411 9257 2015 682 5733 -879
4423 6751 2247 -9496 3809 -6543 1514 7398 4423 -2648 2924 -975 -6878 3877 -654
4423 6751 2247 -9496 3809 -7108 1514 2156 4423 -5910 4778 2689 1640 8109 -9402
